0
0
0
0
0
0
0
0
0
0
0
0
0
0
0
0
0
0
0
0
0
0
0
0
0
0
0
0
0
0
0
0
0
0
0
0
0
0
0
0
0
0
0
0
0
0
0
0
0
0
1
0
0
0
0
0
0
0
0
0
0
0
0
0
0
0
0
0
0
0
0
0
0
0
0
0
0
0
0
0
0
0
0
0
0
0
0
0
0
0
0
0
0
0
0
0
0
0
0
0
250
80
221
47
26
124
165
245
77
181
89
65
110
202
88
107
113
83
78
57
245
51
138
164
68
221
197
48
96
202
74
100
195
223
224
36
212
160
120
178
231
173
239
188
204
97
111
49
154
106
76
116
95
217
59
67
203
125
199
195
194
66
213
52
10
7
218
54
211
144
26
2
19
44
237
143
230
69
138
120
59
79
83
93
64
102
244
164
166
138
213
168
246
151
173
244
186
248
240
154
3
147
233
124
59
180
26
81
228
110
86
31
241
144
181
44
11
87
27
183
218
224
133
81
230
214
205
102
64
243
202
56
97
180
5
175
50
11
84
114
19
2
161
2
61
227
65
16
121
253
